palette = {5803, 18762, 22209, 64363, 22267, 20549, 30146, 47552, 14451, 56365, 45996, 11585, 18021, 38346, 63463, 62287, 30122, 48906, 16658, 51142, 47473, 29362, 35271, 36633, 12857, 23363, 26340, 65535, 26160, 23755, 33835, 51263, 18149, 60364, 49637, 15657, 22701, 41861, 65535, 65535, 33815, 52606, 21255, 54915, 51142, 51895, 55629, 55744}
back_red = 4203
back_green = 15530
back_blue = 18606
text_red = 44570
text_green = 48213
text_blue = 48326
cursor_red = 29362
cursor_green = 35271
cursor_blue = 36633

