palette = {9520, 9520, 9519, 60927, 19049, 18016, 28874, 46278, 13136, 56365, 45996, 11585, 13794, 35552, 60330, 60365, 28353, 47146, 16097, 50710, 47053, 30481, 30480, 30478, 15095, 15094, 15093, 65535, 24147, 22081, 33621, 51048, 17938, 61525, 50697, 16780, 20323, 40029, 65342, 65535, 33103, 51891, 22015, 55573, 51782, 57005, 57003, 57000}
back_red = 6043
back_green = 6043
back_blue = 6043
text_red = 47442
text_green = 47440
text_blue = 47438
cursor_red = 30481
cursor_green = 30480
cursor_blue = 30478

